1,2020. 11. 26.,8:00,9:00,1
1,2020. 11. 26.,9:00,10:00,2
1,2020. 11. 26.,9:00,10:00,1
3,2020. 11. 26.,12:00,13:00,3
3,2020. 11. 26.,12:00,14:00,4
4,2020. 11. 26.,13:00,14:00,5
4,2020. 11. 26.,14:00,18:00,4
12,2020. 11. 26.,10:00,21:00,6
10,2020. 11. 26.,9:00,10:00,6
1,2020. 11. 28.,8:00,9:00,1
1,2020. 11. 28.,8:00,9:00,2
3,2020. 11. 28.,8:00,9:00,3
4,2020. 11. 28.,8:00,9:00,4
4,2020. 11. 28.,8:00,9:00,5
6,2020. 11. 28.,8:00,9:00,6
1,2020. 12. 05.,8:00,10:00,1
1,2020. 12. 05.,10:00,11:00,2
3,2020. 12. 05.,11:00,12:30,3
3,2020. 12. 05.,12:30,14:00,3
